#50 #55 1 0 0.0% 0 0 0 0 0 
#13 #34 1 0 0.0% 0 0 0 0 0 
#30 #14 2 2 100.0% 1 1 0 0 0 
#14 #50 3 2 67.0% 0 0 0 0 0 
#12 #77 2 1 50.0% 0 0 0 0 0 
#50 #19 1 1 100.0% 0 0 1 0 0 
#12 #34 1 0 0.0% 0 0 0 0 0 
#7 #14 1 1 100.0% 0 1 0 0 0 
#77 #34 2 1 50.0% 0 0 0 0 0 
#12 #20 1 0 0.0% 0 0 0 0 0 
#23 #34 2 2 100.0% 0 1 0 1 0 
#7 #50 2 1 50.0% 0 0 0 0 0 
#26 #15 1 0 0.0% 0 0 0 0 0 
#26 #12 1 0 0.0% 0 0 0 0 0 
#50 #15 1 1 100.0% 0 1 0 0 0 
#12 #7 1 1 100.0% 0 0 1 0 0 
#55 #12 1 1 100.0% 0 0 0 0 0 
#13 #25 1 0 0.0% 0 0 0 0 0 
#40 #7 1 0 0.0% 0 0 0 0 0 
#15 #30 1 0 0.0% 0 0 0 0 0 
#7 #34 3 0 0.0% 0 0 0 0 0 
#24 #13 1 1 100.0% 0 0 0 1 0 
#77 #20 1 1 100.0% 0 1 0 0 0 
#7 #25 1 0 0.0% 0 0 0 0 0 
#30 #50 1 0 0.0% 0 0 0 0 0 
#77 #25 1 1 100.0% 0 0 1 0 0 
#50 #23 2 2 100.0% 0 0 0 0 0 
#34 #51 2 0 0.0% 0 0 0 0 0 
#7 #23 1 0 0.0% 0 0 0 0 0 
#50 #10 2 1 50.0% 0 0 0 0 0 
#30 #20 2 0 0.0% 0 0 0 0 0 
#7 #51 2 0 0.0% 0 0 0 0 0 
#55 #2 1 1 100.0% 0 0 1 0 0 
#30 #38 1 0 0.0% 0 0 0 0 0 
#50 #34 1 1 100.0% 0 1 0 0 0 
#14 #4 2 1 50.0% 0 0 0 0 0 
#12 #10 1 0 0.0% 0 0 0 0 0 
#25 #4 1 1 100.0% 0 0 0 0 0 
#23 #14 1 1 100.0% 0 0 1 0 0 
#7 #20 1 1 100.0% 0 1 0 0 0 
#55 #28 1 1 100.0% 0 0 0 0 0 
#55 #5 1 0 0.0% 0 0 0 0 0 
#36 #13 2 2 100.0% 1 1 0 0 0 
#3 #77 1 0 0.0% 0 0 0 0 0 
#5 #36 1 0 0.0% 0 0 0 0 0 
#7 #56 1 0 0.0% 0 0 0 0 0 
#34 #16 1 1 100.0% 0 1 0 0 0 
#28 #32 1 0 0.0% 0 0 0 0 0 
#44 #5 2 2 100.0% 0 1 1 0 0 
#15 #3 1 1 100.0% 1 1 0 0 0 
#51 #48 1 0 0.0% 0 0 0 0 1 
#29 #18 1 0 0.0% 0 0 0 0 0 
#28 #5 1 1 100.0% 0 0 0 1 0 
#51 #13 1 0 0.0% 0 0 0 0 0 
#23 #30 1 0 0.0% 0 0 0 0 0 
#4 #2 1 0 0.0% 0 0 0 0 0 
#45 #48 1 0 0.0% 0 0 0 0 1 
#42 #14 1 0 0.0% 0 0 0 0 0 
#23 #10 2 2 100.0% 0 1 0 0 0 
#7 #13 1 1 100.0% 0 0 0 1 0 
#20 #51 1 1 100.0% 0 0 1 0 0 
#51 #55 2 1 50.0% 0 0 0 0 0 
#14 #33 1 1 100.0% 0 0 0 1 0 
#56 #13 1 0 0.0% 0 0 0 0 0 
#56 #20 1 1 100.0% 0 0 0 1 0 
#2 #38 1 1 100.0% 0 0 0 0 0 
#51 #56 1 1 100.0% 0 0 1 0 0 
#77 #17 1 1 100.0% 0 0 0 1 0 
#23 #4 1 1 100.0% 0 0 0 0 0 
#14 #38 1 0 0.0% 0 0 0 0 0 
#23 #38 1 0 0.0% 0 0 0 0 0 
#34 #3 1 1 100.0% 0 1 0 0 0 
#18 #17 1 1 100.0% 0 0 0 0 0 
#2 #14 1 1 100.0% 1 1 0 0 0 
#4 #52 1 0 0.0% 0 0 0 0 0 
#16 #12 1 1 100.0% 0 1 0 0 0 
#33 #27 1 0 0.0% 0 0 0 0 0 
#34 #55 1 0 0.0% 0 0 0 0 0 
#51 #23 1 0 0.0% 0 0 0 0 0 
