#34 32 18 56.25% 4 8 0 2 0 
#12 29 15 51.72% 2 3 3 2 1 
#23 34 24 70.59% 4 9 2 7 2 
#30 10 7 70.0% 2 2 2 0 0 
#14 28 9 32.14% 1 3 0 1 3 
#77 17 9 52.94% 2 5 2 0 1 
#15 16 6 37.5% 1 5 0 1 1 
#50 21 10 47.62% 1 3 1 3 1 
#4 29 14 48.28% 1 4 1 4 2 
#19 5 1 20.0% 0 1 0 0 0 
#25 10 7 70.0% 0 2 1 1 0 
#55 20 11 55.0% 1 4 2 2 0 
#29 4 2 50.0% 1 1 1 0 0 
#20 19 8 42.11% 1 1 3 2 3 
#10 6 2 33.33% 1 1 0 0 1 
#7 15 8 53.33% 2 5 0 1 1 
#26 2 0 0.0% 0 0 0 0 1 
#27 1 0 0.0% 0 0 0 0 0 
#40 2 1 50.0% 1 1 0 0 0 
#51 7 5 71.43% 1 3 1 0 0 
#24 1 1 100.0% 0 1 0 0 0 
#2 4 3 75.0% 0 1 0 1 0 
#33 3 3 100.0% 1 2 1 0 0 
#13 4 3 75.0% 1 1 1 1 0 
#9 3 3 100.0% 1 1 0 0 0 
#28 3 1 33.33% 0 1 0 0 0 
#45 2 1 50.0% 1 1 0 0 0 
#56 1 1 100.0% 1 1 0 0 0 
#3 3 1 33.33% 1 1 0 0 0 
#36 1 1 100.0% 1 1 0 0 0 
#44 2 2 100.0% 1 1 0 0 0 
#6 2 1 50.0% 0 0 0 0 0 
